Company,Open,High,Low,Close,Volume,Dividends,Year,Month
MMM,160.7512477543303,171.9375828130347,156.5317562410919,171.4326171875,53042200,0.0,2019,1
MMM,172.4511112105406,181.0954836206077,167.9662993319874,177.5007934570312,36859800,1.44,2019,2
MMM,179.9517209781362,181.4426252073176,170.6357031284998,179.0640716552734,47486500,0.0,2019,3
MMM,180.8824793723113,189.3797939761478,160.7681508268106,163.3190612792969,54909300,0.0,2019,4
MMM,163.3018308676581,163.4914271581877,137.5685856936497,137.6719970703125,94604800,1.44,2019,5
MMM,138.8499371479427,151.7223454745275,138.4762003341317,150.6619567871094,56451600,0.0,2019,6
MMM,152.5046104056194,163.160632372432,142.7959675192656,151.8614196777344,62576900,0.0,2019,7
MMM,151.9222415542749,154.4254557787178,133.8522003434077,140.5621948242188,63267800,1.44,2019,8
MMM,141.5677262046287,151.2862560985737,137.9364354844012,144.1990966796875,51261300,0.0,2019,9
MMM,144.7253649267973,149.067123197833,132.07724676168,144.7165985107422,67405500,0.0,2019,10
MMM,146.4269799386501,154.9964791520354,144.2955631548809,148.9092407226562,48543100,1.44,2019,11
MMM,150.5434777134609,158.5236169108705,143.9611797725767,156.0818023681641,56394100,0.0,2019,12
