Company,Open,High,Low,Close,Volume,Dividends,Year,Month
MMM,168.8312403385276,172.1071186748236,151.9973366822283,157.1857452392578,62345600,0.0,2022,1
MMM,156.7786276792075,160.2438753640707,132.3041655753095,140.7400360107422,76136400,1.49,2022,2
MMM,142.0336038022391,146.5073971614902,134.6250668800294,142.3203887939453,82899900,0.0,2022,3
MMM,143.0373319461633,146.3544454946661,136.5751670778116,137.8656921386719,53719900,0.0,2022,4
MMM,138.1429028795841,147.8457039470736,134.7875582757701,142.7122955322266,61814100,1.49,2022,5
MMM,144.1931533287183,144.347652975814,122.9209712295815,124.9583892822266,63792000,0.0,2022,6
MMM,124.9583928476545,140.6880221106993,121.2794490909159,138.3126525878906,67099300,0.0,2022,7
MMM,137.2601372224722,147.0609934256509,118.7978560676148,120.0724487304688,305095600,1.49,2022,8
MMM,121.2559117463089,123.4215379762052,107.6865623091954,107.7938690185547,241792900,0.0,2022,9
MMM,108.9547347805599,123.5678731620742,104.4478750533128,122.7094268798828,72887800,0.0,2022,10
MMM,123.6654133882091,130.6305624217834,118.1537872199378,122.885009765625,52505200,1.49,2022,11
MMM,125.6365262766342,128.3209842235708,116.2606663315033,118.3529586791992,59159600,0.0,2022,12
