Company,Open,High,Low,Close,Volume,Dividends,Year,Month
MMM,196.5843700045839,216.5863088503603,194.1080962667454,208.8573455810547,49095800,0.0,2018,1
MMM,206.305990534087,208.515453880067,181.9101158243631,196.3592071533203,58411400,1.36,2018,2
MMM,198.0538535641,203.8826773434622,180.089367896761,184.1066436767578,55656900,0.0,2018,3
MMM,182.8737842052993,185.9265723436786,162.8545268543217,163.0306549072266,67396900,0.0,2018,4
MMM,162.7287382882814,172.8012593687441,160.5565647126087,165.4125061035156,64993100,1.36,2018,5
MMM,167.827272692368,174.6163551863384,163.5123168891396,166.1131134033203,52817200,0.0,2018,6
MMM,165.0492023219526,179.674449310747,160.920017471377,179.2860260009766,51342100,0.0,2018,7
MMM,178.15448358533,178.7793546591507,166.4424641167893,178.1038208007812,39291800,1.36,2018,8
MMM,178.9830951453519,185.205630492397,175.030243000959,179.1191101074219,45069500,0.0,2018,9
MMM,180.5557150170412,184.7550827130155,154.6964651204153,161.7350769042969,67294100,0.0,2018,10
MMM,162.0325693989719,178.3199867072151,161.5905273859847,176.7473449707031,51077500,1.36,2018,11
MMM,180.7702927346709,181.4036351286702,151.3793843898145,163.0792541503906,51330100,0.0,2018,12
