Company,Open,High,Low,Close,Volume,Dividends,Year,Month
MMM,160.5904927999817,171.8501844158238,149.9272885588244,161.1961517333984,70122100,0.0,2021,1
MMM,161.4806121917293,167.3628154555142,159.2598769350759,160.6455383300781,43290500,1.48,2021,2
MMM,162.5614942325488,182.009663627295,161.0533920500379,178.2717590332031,62921000,0.0,2021,3
MMM,178.7991266212464,187.9680787537095,174.5246060937041,182.3982391357422,46436000,0.0,2021,4
MMM,183.1846961817133,193.3251206938081,181.954149312764,187.8570556640625,38086100,1.48,2021,5
MMM,191.0475804586582,192.7531977351979,178.5117748791054,185.1291961669922,51315200,0.0,2021,6
MMM,185.893444649062,189.397887757314,181.5222201688141,184.486083984375,46026800,0.0,2021,7
MMM,185.5393099187953,188.9878197656876,179.6209108276274,181.5036163330078,39822800,1.48,2021,8
MMM,182.7106940564892,183.7061856349567,164.697882405173,164.7448425292969,67361300,0.0,2021,9
MMM,165.5243265099182,172.6336619085932,163.2046369295746,167.8064422607422,48240300,0.0,2021,10
MMM,167.6655774685199,174.9627390782365,159.5983243105486,159.6922302246094,47901700,1.48,2021,11
MMM,163.3682783060788,169.6454731534124,160.1775928047186,168.1779632568359,48332100,0.0,2021,12
