Company,Open,High,Low,Close,Volume,Dividends,Year,Month
MMM,157.196526272485,161.505107686102,139.9887815499085,140.3692169189453,70685000,0.0,2020,1
MMM,141.5812948363339,146.0137232235828,129.1421729534003,132.0352020263672,76349400,1.47,2020,2
MMM,135.1055627450872,138.1408486006258,101.8067851986927,121.8663940429688,148771600,0.0,2020,3
MMM,117.8402232411488,145.5862410752912,116.9564166629336,135.6233825683594,82315100,0.0,2020,4
MMM,133.2844100739705,142.7205462302366,117.0545937098054,139.6584930419922,86438300,1.47,2020,5
MMM,140.6019294480728,152.8544446368601,135.327674775948,140.6380004882812,66961000,0.0,2020,6
MMM,140.9534974601788,147.3006501389574,134.1555669919592,135.6612091064453,58634400,0.0,2020,7
MMM,136.2202377332497,151.0062143042119,134.615420321391,146.9761352539062,49418200,1.47,2020,8
MMM,147.540573529914,157.5755514192049,143.8104446063867,145.7300872802734,55968600,0.0,2020,9
MMM,146.1759111823666,157.566482249715,142.0454720031462,145.5299682617188,46219400,0.0,2020,10
MMM,147.5588018730755,163.4255373449312,145.4753755700896,157.1479797363281,53743400,1.47,2020,11
MMM,159.8747072568881,162.8479303432208,155.2496935670371,160.3977661132812,48793100,0.0,2020,12
